COUNT: 12624
MEAN: 149.00267347908746
MEDIAN: 147.75
MODE: [123.75]
SD: 130.41441961308902
VARIANCE: 17007.92084301886
Tiempo transcurrido: 0.005003452301025391 segundos
